356 0
146 0.00189518
425 0.00154056
166 0.00193996
307 0.0029437
163 0.00637398
362 0.0103963
369 0.0246798
187 0.000605259
451 0.00915758
366 0.00173422
274 0.036342
195 0.0189792
406 0.0215232
164 0.0135207
355 0.0227141
19 0.00481871
69 0.0150777
159 0.00440024
62 0.00782138
93 0.00413265
173 0.0103287
191 0.00278649
363 0.0079983
427 0.0379604
295 0.0192227
144 0.00748813
158 0.000466809
350 0.0971008
101 0.0146887
309 0.0112648
237 0.0148394
104 0.00681458
382 0.0591458
301 0.0428424
244 0.0204233
384 0.00950048
432 0.0159351
435 0.0750852
114 0.0111079
449 0.031245
249 0.0413273
29 0.00414374
417 0.0834036
473 0.00625281
230 0.000649186
132 0.0370248
331 0.043419
40 0.026379
52 0.0177904
346 0.101522
353 0.00619517
342 0.00597345
429 0.0213596
125 0.00309509
267 0.0057388
471 0.0216433
455 0.0143831
332 0.035891
200 0.0160753
463 0.00232357
318 0.0602039
222 0.0325773
156 0.047595
259 0.00956863
421 0.149379
214 0.0425398
431 0.0271252
63 0.00781004
444 0.00934615
137 0.137941
364 0.0090915
368 0.0356284
33 0.0188144
263 0.101657
10 0.00298956
416 0.037383
183 0.00735612
60 0.00353089
467 0.0440458
177 0.0459093
122 0.0425895
5 0.00705011
358 0.0133275
38 0.00917332
428 0.161923
335 0.243051
234 0.0446409
138 0.0417658
21 0.0170746
393 0.372086
380 0.0434954
136 0.105867
75 0.0136137
48 0.0150991
317 0.00651545
217 0.00976012
207 0.0341358
50 0.0483476
151 0.0285039
2 0.0477648
398 0.0110141
255 0.0261341
91 0.0336815
11 0.0331389
293 0.0240971
215 0.0916787
243 0.0092952
145 0.0301459
84 0.0351117
179 0.0634324
24 0.0452578
316 0.00168469
401 0.0561768
154 0.0549529
77 0.0375009
58 0.118165
25 0.062664
4 0.0292795
434 0
395 1.63674e-05
34 0.000272933
328 0.00840602
196 0.000446256
108 0.00287547
252 0.00290643
204 0.014076
186 0.0144465
474 0.00303836
414 0.00378295
228 0.00560992
379 0.0125576
181 0.0101734
258 0.000534235
288 0.00482253
184 0.016343
133 0.00677892
98 0.00530114
210 0.0103995
359 0.0148661
394 0.0229767
178 0.00620972
462 0.00383197
302 0.0140435
150 0.0107883
95 0.0177612
225 0.0124985
277 0.0160664
385 0.0454592
324 0.0545459
248 0.0100466
208 0.230824
446 0.0678197
238 0.00972128
271 0.0795887
219 0.0205085
41 0.0105894
291 0.0108217
209 0.015678
78 0.00900575
345 0.0129262
257 0.0173281
134 0.0975754
167 0.057726
16 0.0116711
185 0.0450925
22 0.0781503
192 0.173213
464 0.0835205
212 0.0294018
440 0.0226788
275 0.0171825
56 0.0274158
469 0.0239651
347 0.0128729
142 0.0111446
348 0.00806638
365 0.0334894
270 0.0134767
410 0.0229423
121 0.00805863
311 0.0307479
443 0.00636383
188 0.123918
466 0.0186938
390 0.00862943
141 0.00856936
218 0.0127621
23 0.04623
65 0.0160876
376 0.0458521
281 0.0338525
37 0.017774
437 0.00103616
375 0.0368655
6 0.00850446
256 0.0286026
135 0.0250242
90 0.0224193
367 0.566972
251 0.0366386
120 0.00256347
298 0.0654448
130 0.0554698
20 0.0186654
389 0.161147
246 0.0307418
160 0.0715743
81 0.0052249
47 0.0229439
403 0.015052
247 0.00322521
147 0.145349
80 0.0274487
53 0.0358763
229 0.0598726
310 0.00558281
54 0.0997545
9 0.0357349
448 0.0296771
327 0.0779901
126 0.0363986
266 0.0257017
13 0.0192968
315 0.158478
157 0.0257536
250 0.0162436
197 0.0294047
99 0.0138111
88 0.0379819
27 0.0732884
3 0.0394842
168 0.00353937
85 0.032982
436 0.0222726
59 0.0666491
30 0.0467591
0 0.0149601
456 0
404 0.00121492
124 0.0133208
308 0.00240924
264 0.034044
273 0.00459693
304 0.0154662
232 0.00164732
285 0.000996838
453 0.00910616
170 0.00875101
100 0.0100719
106 0.00630212
333 0.00966171
118 0.0225992
397 0.00283711
337 0.00190008
320 0.0164041
339 0.0131197
221 0.0152197
361 0.00793511
202 0.0163495
189 0.00205697
198 0.0321375
49 0.0526614
312 0.0754703
203 0.00987796
313 0.0485009
289 0.0124874
175 0.0654562
407 0.0127374
343 0.052804
112 0.0558098
261 0.0144315
220 0.0122273
103 0.025739
172 0.0277018
360 0.00641397
272 0.045106
269 0.153512
314 0.00613136
386 0.0576618
413 0.00101583
97 0.00871192
370 0.096886
322 1
152 0.00436066
45 0.0116126
233 0.0406173
102 0.100674
388 0.00811925
426 0.0276976
1 0.0145893
127 0.0280674
236 0.0638963
352 0.00893947
109 0.072267
211 0.0796718
377 0.0100322
305 0.0518209
438 0.00762214
418 0.0120141
279 0.0712888
171 0.127045
96 0.0164871
143 0.135847
326 0.0183649
43 0.00519606
280 0.00140904
7 0.0446869
44 0.00450425
336 0.0323566
66 0.0383145
468 0.00282764
287 0.0153566
405 0.0239562
292 0.0322713
180 0.0186762
439 0.104249
82 0.00645498
15 0.0394354
424 0.0457975
155 0.0861699
227 0
92 0.170688
371 0.0691332
325 0.0282011
139 0.0841133
26 0.0626327
415 0.0194398
260 0.00430616
161 0.0191695
70 0.0072984
278 0.0148423
193 0.0560904
111 0.146145
299 0.038418
282 0.00838736
68 0.0315495
61 0.0846202
28 0.00874096
454 0.00605942
176 0.0101101
334 0.00275404
162 0.064038
32 0.0610683
447 0.0358888
268 0.0270013
213 0.00480527
89 0.0831208
64 0.0443218
381 0.0130352
450 0.0330267
14 0.0261093
341 0.0743431
86 0.0230253
74 0.0489879
46 0.102041
12 0.0505445
31 0
457 0.00347033
235 0.00140264
357 0.00594514
206 0.00669231
297 0.00051235
182 0.0101792
378 0.0360552
115 0.00217777
391 0.017546
430 0.00985391
472 0.0224589
140 0.0194241
231 0.00785137
319 0.0197605
284 0.00406638
458 0.00394822
253 0.0257625
412 0.0162468
131 0.00200453
67 0.00279813
283 0.0540695
216 0.00607755
402 0.0240793
241 0.00376371
340 0.0262579
290 0.0151088
265 0.0116434
199 0.01296
441 0.0100074
354 0.049053
276 0.0348884
373 0.00465982
242 0.0513002
116 0.0415636
383 0.121682
399 0.170672
396 0.0236345
330 0.036409
113 0.174171
294 0.0289906
226 0.00954526
409 0.00831412
323 0.0490578
83 0.0113004
245 0.0732638
107 0.0384972
459 0.0202813
39 0.00534445
153 0.00924263
300 0.0144656
128 0.016317
372 0.0406889
445 0.0111502
321 0.00441558
194 0.00805778
239 0.00971923
303 0.212782
174 0.0199709
105 0.108622
169 0.0300224
408 0.0596825
73 0.0581485
296 0.0275361
51 0.0313094
400 0.0371456
117 0.0267068
329 0.0183169
433 0.0122951
344 0.0163045
461 0.196353
351 0.031005
262 0.0315418
8 0.0797399
411 0.0102447
35 0.0465551
465 0.00576462
165 0.0443901
119 0.0809441
423 0.0922059
349 0.0798239
201 0.00504926
419 0.00364821
36 0.00702264
422 0.031721
223 0.0602591
306 0.00394753
190 0.102222
72 0.132275
148 0.0626043
452 0.0810134
387 0.019089
205 0.0336732
123 0.00113675
71 0.115033
442 0.0717967
110 0.0219609
42 0.0117725
470 0.0618214
392 0.00863223
129 0.0183795
254 0.420078
57 0.0170767
460 0.0323427
286 0.0397554
94 0.0130394
224 0.0320817
149 0.0928334
79 0.0615814
338 0.0126056
17 0.225336
420 0.0756069
374 0.02979
87 0.11523
76 0.0226598
240 0
55 0.0512531
18 0.0133428
