356 10
146 11
425 12
166 13
307 36
163 25
362 30
369 39
187 16
451 36
366 13
274 47
195 39
406 39
164 49
355 42
19 30
69 39
159 52
62 23
93 19
173 25
191 29
363 21
427 54
295 38
144 31
158 26
350 118
101 57
309 25
237 60
104 36
382 94
301 96
244 93
384 39
432 38
435 68
114 28
449 47
249 50
29 25
417 94
473 25
230 7
132 94
331 63
40 46
52 39
346 90
353 34
342 25
429 58
125 45
267 35
471 32
455 53
332 61
200 41
463 18
318 94
222 65
156 83
259 33
421 99
214 56
431 72
63 34
444 29
137 125
364 25
368 51
33 40
263 120
10 27
416 67
183 33
60 20
467 83
177 60
122 80
5 23
358 50
38 30
428 126
335 147
234 59
138 67
21 42
393 190
380 73
136 98
75 28
48 34
317 38
217 39
207 65
50 70
151 37
2 55
398 29
255 58
91 49
11 51
293 61
215 121
243 37
145 53
84 55
179 113
24 75
316 13
401 115
154 75
77 62
58 79
25 81
4 65
434 5
395 2
34 18
328 29
196 9
108 21
252 23
204 35
186 43
474 28
414 16
228 47
379 49
181 20
258 24
288 32
184 37
133 37
98 36
210 38
359 33
394 42
178 44
462 28
302 35
150 55
95 56
225 29
277 45
385 128
324 106
248 60
208 182
446 95
238 48
271 98
219 41
41 33
291 38
209 37
78 21
345 28
257 61
134 97
167 61
16 38
185 52
22 65
192 148
464 88
212 67
440 64
275 42
56 38
469 65
347 49
142 47
348 27
365 62
270 52
410 45
121 22
311 38
443 48
188 140
466 46
390 37
141 49
218 47
23 51
65 41
376 91
281 41
37 48
437 39
375 64
6 23
256 56
135 72
90 49
367 261
251 47
120 33
298 108
130 80
20 42
389 139
246 88
160 92
81 29
47 47
403 49
247 18
147 148
80 52
53 68
229 70
310 33
54 89
9 63
448 49
327 88
126 92
266 42
13 43
315 124
157 52
250 24
197 83
99 30
88 65
27 74
3 56
168 19
85 56
436 94
59 83
30 61
0 46
456 25
404 8
124 35
308 23
264 36
273 24
304 33
232 16
285 11
453 47
170 31
100 26
106 29
333 28
118 62
397 23
337 39
320 35
339 62
221 31
361 27
202 57
189 12
198 65
49 54
312 66
203 34
313 71
289 30
175 84
407 29
343 83
112 80
261 67
220 74
103 69
172 37
360 35
272 62
269 163
314 32
386 110
413 10
97 33
370 97
322 284
152 22
45 27
233 64
102 80
388 31
426 47
1 41
127 61
236 94
352 55
109 78
211 70
377 29
305 85
438 43
418 44
279 77
171 100
96 35
143 109
326 50
43 25
280 11
7 54
44 22
336 42
66 59
468 34
287 33
405 46
292 73
180 34
439 86
82 24
15 57
424 76
155 103
227 14
92 138
371 65
325 60
139 98
26 76
415 39
260 36
161 65
70 41
278 54
193 84
111 148
299 55
282 22
68 53
61 84
28 28
454 26
176 43
334 15
162 64
32 76
447 53
268 75
213 25
89 73
64 66
381 31
450 70
14 51
341 81
86 44
74 69
46 82
12 62
31 43
457 31
235 18
357 23
206 38
297 11
182 35
378 66
115 14
391 51
430 49
472 54
140 55
231 33
319 47
284 17
458 21
253 45
412 29
131 18
67 21
283 62
216 32
402 48
241 36
340 37
290 51
265 33
199 36
441 42
354 96
276 70
373 33
242 106
116 96
383 99
399 152
396 48
330 51
113 142
294 54
226 44
409 50
323 60
83 23
245 96
107 66
459 40
39 32
153 38
300 37
128 39
372 58
445 40
321 48
194 28
239 31
303 163
174 46
105 122
169 64
408 58
73 60
296 83
51 42
400 93
117 62
329 46
433 35
344 52
461 137
351 60
262 64
8 65
411 26
35 57
465 33
165 67
119 97
423 96
349 76
201 34
419 15
36 26
422 72
223 65
306 33
190 157
72 95
148 100
452 103
387 59
205 75
123 13
71 122
442 75
110 34
42 36
470 59
392 35
129 48
254 187
57 42
460 62
286 63
94 20
224 49
149 98
79 65
338 51
17 123
420 62
374 71
87 119
76 50
240 5
55 82
18 45
