322
367
254
393
208
303
335
269
399
192
190
111
147
113
461
92
389
17
188
428
315
137
71
105
87
263
215
385
350
143
421
401
179
171
383
386
298
72
155
452
136
324
242
149
134
370
139
423
271
119
148
245
417
346
54
446
236
439
160
318
354
382
301
116
464
327
58
46
132
400
61
376
102
126
436
244
175
59
341
305
193
246
343
25
156
55
109
467
349
112
130
279
89
197
442
296
122
27
26
32
154
211
424
24
435
205
229
380
312
313
268
8
22
50
292
74
371
422
431
135
374
79
276
223
220
420
450
162
165
138
53
64
416
103
107
378
212
283
88
167
233
12
207
331
222
198
73
375
470
4
