322
367
254
393
208
303
335
269
399
192
190
111
147
113
461
92
389
17
188
428
315
137
71
105
87
263
215
385
350
143
421
401
179
171
383
386
298
72
155
452
136
324
242
149
134
370
139
423
271
119
148
245
417
346
54
446
236
439
160
318
354
382
301
116
464
327
58
46
132
400
61
376
102
126
436
244
175
59
341
305
193
246
343
25
156
55
109
467
349
112
130
279
89
197
442
296
122
27
26
32
154
211
424
24
435
205
229
380
312
313
268
8
22
50
292
74
371
422
431
135
374
79
276
223
220
420
450
162
165
138
53
64
416
103
107
378
212
283
88
167
233
12
207
331
222
198
73
375
470
4
272
286
262
30
9
261
169
469
323
408
77
177
161
365
440
460
332
234
117
127
118
66
351
35
372
293
325
339
15
257
214
2
49
3
255
237
387
7
299
85
429
248
84
256
427
185
202
101
447
23
294
95
68
145
140
472
330
249
368
11
80
150
157
278
352
14
455
91
344
224
448
270
391
76
251
290
274
326
338
90
449
159
402
358
396
426
403
409
164
129
347
379
37
47
40
430
319
141
405
253
238
174
466
329
218
410
443
142
321
0
453
86
336
228
277
51
18
281
266
13
394
355
418
226
186
125
20
275
57
21
178
176
219
438
65
200
441
459
311
1
369
33
56
406
31
415
195
264
70
151
52
172
445
128
340
69
295
432
217
384
16
184
291
210
209
153
300
337
206
317
437
243
390
199
133
42
110
96
320
451
204
302
180
124
433
104
98
182
48
260
241
392
307
360
267
471
304
287
203
359
63
265
353
41
201
259
97
468
231
183
465
310
373
221
306
120
381
314
216
39
288
239
170
99
388
144
289
412
362
38
457
407
225
398
19
377
444
328
75
345
106
114
81
333
28
191
194
45
462
474
348
361
411
100
10
36
454
309
250
173
364
163
473
342
158
43
213
29
82
83
456
273
6
62
5
357
258
282
252
397
121
308
44
152
78
363
94
181
458
108
67
60
93
168
247
463
131
235
34
284
414
232
187
419
334
115
227
166
366
316
123
189
425
146
280
285
297
413
356
196
404
230
240
434
395
